real: 1.757894736842105, state: -8.4421052631579
[10.2  2.1  3.5  1.5  0.5  1.9  1.7  3.3  5.6  4.5  6.2  3.   3.6  1.3
 59.5  2.7  1.1  2.3  3.5  1.2  1.6]
ds:  120.79999999999919
j: 12
real: 1.757894736842105, state: -8.4421052631579
[10.2  2.1  3.5  1.5  0.5  1.9  1.7  3.3  5.6  4.5  6.2  3.   3.7  1.3
 59.5  2.7  1.1  2.3  3.5  1.2  1.6]
ds:  120.89999999999918
j: 12
real: 1.757894736842105, state: -8.4421052631579
[10.2  2.1  3.5  1.5  0.5  1.9  1.7  3.3  5.6  4.5  6.2  3.   3.8  1.3
 59.5  2.7  1.1  2.3  3.5  1.2  1.6]
ds:  120.99999999999918
j: 12
real: 1.757894736842105, state: -8.4421052631579
[10.2  2.1  3.5  1.5  0.5  1.9  1.7  3.3  5.6  4.5  6.2  3.   3.9  1.3
 59.5  2.7  1.1  2.3  3.5  1.2  1.6]
ds:  121.09999999999917
j: 12
real: 1.757894736842105, state: -8.4421052631579
[10.2  2.1  3.5  1.5  0.5  1.9  1.7  3.3  5.6  4.5  6.2  3.   4.   1.3
 59.5  2.7  1.1  2.3  3.5  1.2  1.6]
ds:  121.19999999999916
j: 12
real: 1.757894736842105, state: -8.4421052631579
[10.2  2.1  3.5  1.5  0.5  1.9  1.7  3.3  5.6  4.5  6.2  3.   4.1  1.3
 59.5  2.7  1.1  2.3  3.5  1.2  1.6]
ds:  121.29999999999919
j: 12
real: 1.757894736842105, state: -8.4421052631579
[10.2  2.1  3.5  1.5  0.5  1.9  1.7  3.3  5.6  4.5  6.2  3.   4.2  1.3
 59.5  2.7  1.1  2.3  3.5  1.2  1.6]
ds:  121.39999999999918
j: 4
real: 1.757894736842105, state: -8.4421052631579
[10.2  2.1  3.5  1.5  0.4  1.9  1.7  3.3  5.6  4.5  6.2  3.   4.2  1.3
 59.5  2.7  1.1  2.3  3.5  1.2  1.6]
ds:  121.29999999999919
j: 12
real: 1.757894736842105, state: -8.4421052631579
[10.2  2.1  3.5  1.5  0.4  1.9  1.7  3.3  5.6  4.5  6.2  3.   4.1  1.3
 59.5  2.7  1.1  2.3  3.5  1.2  1.6]
ds:  121.19999999999916
j: 12
real: 1.757894736842105, state: -8.4421052631579
[10.2  2.1  3.5  1.5  0.4  1.9  1.7  3.3  5.6  4.5  6.2  3.   4.2  1.3
 59.5  2.7  1.1  2.3  3.5  1.2  1.6]
ds:  121.29999999999919
j: 12
real: 1.757894736842105, state: -8.4421052631579
[10.2  2.1  3.5  1.5  0.4  1.9  1.7  3.3  5.6  4.5  6.2  3.   4.3  1.3
 59.5  2.7  1.1  2.3  3.5  1.2  1.6]
ds:  121.39999999999918
j: 12
real: 1.757894736842105, state: -8.4421052631579
[10.2  2.1  3.5  1.5  0.4  1.9  1.7  3.3  5.6  4.5  6.2  3.   4.4  1.3
 59.5  2.7  1.1  2.3  3.5  1.2  1.6]
ds:  121.49999999999918
j: 12
real: 1.757894736842105, state: -8.4421052631579
[10.2  2.1  3.5  1.5  0.4  1.9  1.7  3.3  5.6  4.5  6.2  3.   4.5  1.3
 59.5  2.7  1.1  2.3  3.5  1.2  1.6]
ds:  121.59999999999917
j: 5
real: 1.757894736842105, state: -8.4421052631579
[10.2  2.1  3.5  1.5  0.4  2.   1.7  3.3  5.6  4.5  6.2  3.   4.5  1.3
 59.5  2.7  1.1  2.3  3.5  1.2  1.6]
ds:  121.69999999999916
j: 12
real: 1.757894736842105, state: -8.4421052631579
[10.2  2.1  3.5  1.5  0.4  2.   1.7  3.3  5.6  4.5  6.2  3.   4.6  1.3
 59.5  2.7  1.1  2.3  3.5  1.2  1.6]
ds:  121.79999999999916
j: 12
real: 1.757894736842105, state: -8.4421052631579
[10.2  2.1  3.5  1.5  0.4  2.   1.7  3.3  5.6  4.5  6.2  3.   4.7  1.3
 59.5  2.7  1.1  2.3  3.5  1.2  1.6]
ds:  121.89999999999918
j: 19
real: 1.757894736842105, state: -8.4421052631579
[10.2  2.1  3.5  1.5  0.4  2.   1.7  3.3  5.6  4.5  6.2  3.   4.7  1.3
 59.5  2.7  1.1  2.3  3.5  1.1  1.6]
ds:  121.79999999999916
j: 12
real: 1.757894736842105, state: -8.4421052631579
[10.2  2.1  3.5  1.5  0.4  2.   1.7  3.3  5.6  4.5  6.2  3.   4.8  1.3
 59.5  2.7  1.1  2.3  3.5  1.1  1.6]
ds:  121.89999999999915
j: 12
real: 1.757894736842105, state: -8.4421052631579
[10.2  2.1  3.5  1.5  0.4  2.   1.7  3.3  5.6  4.5  6.2  3.   4.9  1.3
 59.5  2.7  1.1  2.3  3.5  1.1  1.6]
ds:  121.99999999999918
j: 12
real: 1.757894736842105, state: -8.4421052631579
[10.2  2.1  3.5  1.5  0.4  2.   1.7  3.3  5.6  4.5  6.2  3.   5.   1.3
 59.5  2.7  1.1  2.3  3.5  1.1  1.6]
ds:  122.09999999999917
j: 12
real: 1.757894736842105, state: -8.4421052631579
[10.2  2.1  3.5  1.5  0.4  2.   1.7  3.3  5.6  4.5  6.2  3.   5.1  1.3
 59.5  2.7  1.1  2.3  3.5  1.1  1.6]
ds:  122.19999999999916
j: 16
real: 1.757894736842105, state: -8.4421052631579
[10.2  2.1  3.5  1.5  0.4  2.   1.7  3.3  5.6  4.5  6.2  3.   5.1  1.3
 59.5  2.7  1.   2.3  3.5  1.1  1.6]
ds:  122.09999999999917
j: 14
real: 1.757894736842105, state: -8.4421052631579
[10.2  2.1  3.5  1.5  0.4  2.   1.7  3.3  5.6  4.5  6.2  3.   5.1  1.3
 59.6  2.7  1.   2.3  3.5  1.1  1.6]
ds:  122.19999999999916
j: 12
real: 1.757894736842105, state: -8.4421052631579
[10.2  2.1  3.5  1.5  0.4  2.   1.7  3.3  5.6  4.5  6.2  3.   5.2  1.3
 59.6  2.7  1.   2.3  3.5  1.1  1.6]
ds:  122.29999999999916
j: 12
real: 1.757894736842105, state: -8.4421052631579
[10.2  2.1  3.5  1.5  0.4  2.   1.7  3.3  5.6  4.5  6.2  3.   5.1  1.3
 59.6  2.7  1.   2.3  3.5  1.1  1.6]
ds:  122.19999999999916
j: 2
real: 1.757894736842105, state: -8.4421052631579
[10.2  2.1  3.6  1.5  0.4  2.   1.7  3.3  5.6  4.5  6.2  3.   5.1  1.3
 59.6  2.7  1.   2.3  3.5  1.1  1.6]
ds:  122.29999999999916
j: 8
real: 1.757894736842105, state: -8.4421052631579
[10.2  2.1  3.6  1.5  0.4  2.   1.7  3.3  5.5  4.5  6.2  3.   5.1  1.3
 59.6  2.7  1.   2.3  3.5  1.1  1.6]
ds:  122.19999999999916
j: 12
real: 1.757894736842105, state: -8.4421052631579
[10.2  2.1  3.6  1.5  0.4  2.   1.7  3.3  5.5  4.5  6.2  3.   5.2  1.3
 59.6  2.7  1.   2.3  3.5  1.1  1.6]
ds:  122.29999999999916
j: 12
real: 1.757894736842105, state: -8.4421052631579
[10.2  2.1  3.6  1.5  0.4  2.   1.7  3.3  5.5  4.5  6.2  3.   5.3  1.3
 59.6  2.7  1.   2.3  3.5  1.1  1.6]
ds:  122.39999999999915
j: 12
real: 1.757894736842105, state: -8.4421052631579
[10.2  2.1  3.6  1.5  0.4  2.   1.7  3.3  5.5  4.5  6.2  3.   5.4  1.3
 59.6  2.7  1.   2.3  3.5  1.1  1.6]
ds:  122.49999999999918
j: 12
real: 1.757894736842105, state: -8.4421052631579
[10.2  2.1  3.6  1.5  0.4  2.   1.7  3.3  5.5  4.5  6.2  3.   5.5  1.3
 59.6  2.7  1.   2.3  3.5  1.1  1.6]
ds:  122.59999999999917
j: 12
real: 1.757894736842105, state: -8.4421052631579
[10.2  2.1  3.6  1.5  0.4  2.   1.7  3.3  5.5  4.5  6.2  3.   5.6  1.3
 59.6  2.7  1.   2.3  3.5  1.1  1.6]
ds:  122.69999999999916
j: 12
real: 1.757894736842105, state: -8.4421052631579
[10.2  2.1  3.6  1.5  0.4  2.   1.7  3.3  5.5  4.5  6.2  3.   5.7  1.3
 59.6  2.7  1.   2.3  3.5  1.1  1.6]
ds:  122.79999999999916
j: 12
real: 1.757894736842105, state: -8.4421052631579
[10.2  2.1  3.6  1.5  0.4  2.   1.7  3.3  5.5  4.5  6.2  3.   5.8  1.3
 59.6  2.7  1.   2.3  3.5  1.1  1.6]
ds:  122.89999999999915
j: 12
real: 1.757894736842105, state: -8.4421052631579
[10.2  2.1  3.6  1.5  0.4  2.   1.7  3.3  5.5  4.5  6.2  3.   5.9  1.3
 59.6  2.7  1.   2.3  3.5  1.1  1.6]
ds:  122.99999999999918
j: 12
real: 1.757894736842105, state: -8.4421052631579
[10.2  2.1  3.6  1.5  0.4  2.   1.7  3.3  5.5  4.5  6.2  3.   6.   1.3
 59.6  2.7  1.   2.3  3.5  1.1  1.6]
ds:  123.09999999999917
j: 12
real: 1.757894736842105, state: -8.4421052631579
[10.2  2.1  3.6  1.5  0.4  2.   1.7  3.3  5.5  4.5  6.2  3.   6.1  1.3
 59.6  2.7  1.   2.3  3.5  1.1  1.6]
ds:  123.19999999999916
j: 18
real: 1.757894736842105, state: -8.4421052631579
[10.2  2.1  3.6  1.5  0.4  2.   1.7  3.3  5.5  4.5  6.2  3.   6.1  1.3
 59.6  2.7  1.   2.3  3.6  1.1  1.6]
ds:  123.29999999999919
j: 12
real: 1.757894736842105, state: -8.4421052631579
[10.2  2.1  3.6  1.5  0.4  2.   1.7  3.3  5.5  4.5  6.2  3.   6.2  1.3
 59.6  2.7  1.   2.3  3.6  1.1  1.6]
ds:  123.39999999999918
j: 12
real: 1.757894736842105, state: -8.4421052631579
[10.2  2.1  3.6  1.5  0.4  2.   1.7  3.3  5.5  4.5  6.2  3.   6.3  1.3
 59.6  2.7  1.   2.3  3.6  1.1  1.6]
ds:  123.49999999999918
j: 14
real: 1.757894736842105, state: -8.4421052631579
[10.2  2.1  3.6  1.5  0.4  2.   1.7  3.3  5.5  4.5  6.2  3.   6.3  1.3
 59.7  2.7  1.   2.3  3.6  1.1  1.6]
ds:  123.59999999999917
j: 8
real: 1.757894736842105, state: -8.4421052631579
[10.2  2.1  3.6  1.5  0.4  2.   1.7  3.3  5.6  4.5  6.2  3.   6.3  1.3
 59.7  2.7  1.   2.3  3.6  1.1  1.6]
ds:  123.69999999999919
j: 4
real: 1.757894736842105, state: -8.4421052631579
[10.2  2.1  3.6  1.5  0.5  2.   1.7  3.3  5.6  4.5  6.2  3.   6.3  1.3
 59.7  2.7  1.   2.3  3.6  1.1  1.6]
ds:  123.79999999999919
j: 11
real: 1.757894736842105, state: -8.4421052631579
[10.2  2.1  3.6  1.5  0.5  2.   1.7  3.3  5.6  4.5  6.2  2.9  6.3  1.3
 59.7  2.7  1.   2.3  3.6  1.1  1.6]
ds:  123.69999999999919
j: 12
real: 1.757894736842105, state: -8.4421052631579
[10.2  2.1  3.6  1.5  0.5  2.   1.7  3.3  5.6  4.5  6.2  2.9  6.4  1.3
 59.7  2.7  1.   2.3  3.6  1.1  1.6]
ds:  123.79999999999919
j: 15
real: 1.757894736842105, state: -8.4421052631579
[10.2  2.1  3.6  1.5  0.5  2.   1.7  3.3  5.6  4.5  6.2  2.9  6.4  1.3
 59.7  2.6  1.   2.3  3.6  1.1  1.6]
ds:  123.69999999999916
j: 9
real: 1.757894736842105, state: -8.4421052631579
[10.2  2.1  3.6  1.5  0.5  2.   1.7  3.3  5.6  4.6  6.2  2.9  6.4  1.3
 59.7  2.6  1.   2.3  3.6  1.1  1.6]
ds:  123.79999999999919
j: 12
real: 1.757894736842105, state: -8.4421052631579
[10.2  2.1  3.6  1.5  0.5  2.   1.7  3.3  5.6  4.6  6.2  2.9  6.5  1.3
 59.7  2.6  1.   2.3  3.6  1.1  1.6]
ds:  123.89999999999918
j: 12
real: 1.757894736842105, state: -8.4421052631579
[10.2  2.1  3.6  1.5  0.5  2.   1.7  3.3  5.6  4.6  6.2  2.9  6.6  1.3
 59.7  2.6  1.   2.3  3.6  1.1  1.6]
ds:  123.99999999999918
j: 12
real: 1.757894736842105, state: -8.4421052631579
[10.2  2.1  3.6  1.5  0.5  2.   1.7  3.3  5.6  4.6  6.2  2.9  6.7  1.3
 59.7  2.6  1.   2.3  3.6  1.1  1.6]
ds:  124.09999999999917
j: 12
real: 1.757894736842105, state: -8.4421052631579
[10.2  2.1  3.6  1.5  0.5  2.   1.7  3.3  5.6  4.6  6.2  2.9  6.8  1.3
 59.7  2.6  1.   2.3  3.6  1.1  1.6]
ds:  124.19999999999916
j: 2
real: 1.757894736842105, state: -8.4421052631579
[10.2  2.1  3.7  1.5  0.5  2.   1.7  3.3  5.6  4.6  6.2  2.9  6.8  1.3
 59.7  2.6  1.   2.3  3.6  1.1  1.6]
ds:  124.29999999999919
j: 12
real: 1.757894736842105, state: -8.4421052631579
[10.2  2.1  3.7  1.5  0.5  2.   1.7  3.3  5.6  4.6  6.2  2.9  6.9  1.3
 59.7  2.6  1.   2.3  3.6  1.1  1.6]
ds:  124.39999999999918
j: 12
real: 1.757894736842105, state: -8.4421052631579
[10.2  2.1  3.7  1.5  0.5  2.   1.7  3.3  5.6  4.6  6.2  2.9  7.   1.3
 59.7  2.6  1.   2.3  3.6  1.1  1.6]
ds:  124.49999999999918
j: 7
real: 1.757894736842105, state: -8.4421052631579
[10.2  2.1  3.7  1.5  0.5  2.   1.7  3.4  5.6  4.6  6.2  2.9  7.   1.3
 59.7  2.6  1.   2.3  3.6  1.1  1.6]
ds:  124.59999999999917
j: 12
real: 1.757894736842105, state: -8.4421052631579
[10.2  2.1  3.7  1.5  0.5  2.   1.7  3.4  5.6  4.6  6.2  2.9  7.1  1.3
 59.7  2.6  1.   2.3  3.6  1.1  1.6]
ds:  124.69999999999916
j: 15
real: 1.757894736842105, state: -8.4421052631579
[10.2  2.1  3.7  1.5  0.5  2.   1.7  3.4  5.6  4.6  6.2  2.9  7.1  1.3
 59.7  2.7  1.   2.3  3.6  1.1  1.6]
ds:  124.79999999999919
j: 12
real: 1.757894736842105, state: -8.4421052631579
[10.2  2.1  3.7  1.5  0.5  2.   1.7  3.4  5.6  4.6  6.2  2.9  7.2  1.3
 59.7  2.7  1.   2.3  3.6  1.1  1.6]
ds:  124.89999999999918
j: 12
real: 1.757894736842105, state: -8.4421052631579
[10.2  2.1  3.7  1.5  0.5  2.   1.7  3.4  5.6  4.6  6.2  2.9  7.3  1.3
 59.7  2.7  1.   2.3  3.6  1.1  1.6]
ds:  124.99999999999918
j: 12
real: 1.757894736842105, state: -8.4421052631579
[10.2  2.1  3.7  1.5  0.5  2.   1.7  3.4  5.6  4.6  6.2  2.9  7.4  1.3
 59.7  2.7  1.   2.3  3.6  1.1  1.6]
ds:  125.0999999999992
j: 12
real: 1.757894736842105, state: -8.4421052631579
[10.2  2.1  3.7  1.5  0.5  2.   1.7  3.4  5.6  4.6  6.2  2.9  7.5  1.3
 59.7  2.7  1.   2.3  3.6  1.1  1.6]
ds:  125.19999999999919
j: 16
real: 1.757894736842105, state: -8.4421052631579
[10.2  2.1  3.7  1.5  0.5  2.   1.7  3.4  5.6  4.6  6.2  2.9  7.5  1.3
 59.7  2.7  1.1  2.3  3.6  1.1  1.6]
ds:  125.29999999999919
j: 12
real: 1.757894736842105, state: -8.4421052631579
[10.2  2.1  3.7  1.5  0.5  2.   1.7  3.4  5.6  4.6  6.2  2.9  7.6  1.3
 59.7  2.7  1.1  2.3  3.6  1.1  1.6]
ds:  125.39999999999918
j: 12
real: 1.757894736842105, state: -8.4421052631579
[10.2  2.1  3.7  1.5  0.5  2.   1.7  3.4  5.6  4.6  6.2  2.9  7.7  1.3
 59.7  2.7  1.1  2.3  3.6  1.1  1.6]
ds:  125.49999999999918
j: 12
real: 1.757894736842105, state: -8.4421052631579
[10.2  2.1  3.7  1.5  0.5  2.   1.7  3.4  5.6  4.6  6.2  2.9  7.8  1.3
 59.7  2.7  1.1  2.3  3.6  1.1  1.6]
ds:  125.59999999999917
j: 12
real: 1.757894736842105, state: -8.4421052631579
[10.2  2.1  3.7  1.5  0.5  2.   1.7  3.4  5.6  4.6  6.2  2.9  7.9  1.3
 59.7  2.7  1.1  2.3  3.6  1.1  1.6]
ds:  125.69999999999919
j: 12
real: 1.757894736842105, state: -8.4421052631579
[10.2  2.1  3.7  1.5  0.5  2.   1.7  3.4  5.6  4.6  6.2  2.9  8.   1.3
 59.7  2.7  1.1  2.3  3.6  1.1  1.6]
ds:  125.79999999999919
j: 9
real: 1.757894736842105, state: -8.4421052631579
[10.2  2.1  3.7  1.5  0.5  2.   1.7  3.4  5.6  4.7  6.2  2.9  8.   1.3
 59.7  2.7  1.1  2.3  3.6  1.1  1.6]
ds:  125.89999999999918
j: 10
real: 1.757894736842105, state: -8.4421052631579
[10.2  2.1  3.7  1.5  0.5  2.   1.7  3.4  5.6  4.7  6.1  2.9  8.   1.3
 59.7  2.7  1.1  2.3  3.6  1.1  1.6]
ds:  125.79999999999919
j: 12
real: 1.757894736842105, state: -8.4421052631579
[10.2  2.1  3.7  1.5  0.5  2.   1.7  3.4  5.6  4.7  6.1  2.9  8.1  1.3
 59.7  2.7  1.1  2.3  3.6  1.1  1.6]
ds:  125.89999999999918
j: 12
real: 1.757894736842105, state: -8.4421052631579
[10.2  2.1  3.7  1.5  0.5  2.   1.7  3.4  5.6  4.7  6.1  2.9  8.2  1.3
 59.7  2.7  1.1  2.3  3.6  1.1  1.6]
ds:  125.99999999999918
j: 12
real: 1.757894736842105, state: -8.4421052631579
[10.2  2.1  3.7  1.5  0.5  2.   1.7  3.4  5.6  4.7  6.1  2.9  8.3  1.3
 59.7  2.7  1.1  2.3  3.6  1.1  1.6]
ds:  126.09999999999917
j: 7
real: 1.757894736842105, state: -8.4421052631579
[10.2  2.1  3.7  1.5  0.5  2.   1.7  3.3  5.6  4.7  6.1  2.9  8.3  1.3
 59.7  2.7  1.1  2.3  3.6  1.1  1.6]
ds:  125.99999999999918
j: 14
real: 1.757894736842105, state: -8.4421052631579
[10.2  2.1  3.7  1.5  0.5  2.   1.7  3.3  5.6  4.7  6.1  2.9  8.3  1.3
 59.8  2.7  1.1  2.3  3.6  1.1  1.6]
ds:  126.09999999999917
j: 12
real: 1.757894736842105, state: -8.4421052631579
[10.2  2.1  3.7  1.5  0.5  2.   1.7  3.3  5.6  4.7  6.1  2.9  8.4  1.3
 59.8  2.7  1.1  2.3  3.6  1.1  1.6]
ds:  126.19999999999916
j: 15
real: 1.757894736842105, state: -8.4421052631579
[10.2  2.1  3.7  1.5  0.5  2.   1.7  3.3  5.6  4.7  6.1  2.9  8.4  1.3
 59.8  2.6  1.1  2.3  3.6  1.1  1.6]
ds:  126.09999999999917
j: 16
real: 1.757894736842105, state: -8.4421052631579
[10.2  2.1  3.7  1.5  0.5  2.   1.7  3.3  5.6  4.7  6.1  2.9  8.4  1.3
 59.8  2.6  1.2  2.3  3.6  1.1  1.6]
ds:  126.19999999999916
j: 12
real: 1.757894736842105, state: -8.4421052631579
[10.2  2.1  3.7  1.5  0.5  2.   1.7  3.3  5.6  4.7  6.1  2.9  8.5  1.3
 59.8  2.6  1.2  2.3  3.6  1.1  1.6]
ds:  126.29999999999919
j: 12
real: 1.757894736842105, state: -8.4421052631579
[10.2  2.1  3.7  1.5  0.5  2.   1.7  3.3  5.6  4.7  6.1  2.9  8.6  1.3
 59.8  2.6  1.2  2.3  3.6  1.1  1.6]
ds:  126.39999999999918
episode: 3, y_pred: 44, score: 433.6000000000008
j: 12
real: 1.757894736842105, state: -8.4421052631579
[10.2  2.1  3.7  1.5  0.5  2.   1.7  3.3  5.6  4.7  6.1  2.9  8.7  1.3
 59.8  2.6  1.2  2.3  3.6  1.1  1.6]
ds:  126.49999999999918
j: 12
real: 1.757894736842105, state: -8.4421052631579
[10.2  2.1  3.7  1.5  0.5  2.   1.7  3.3  5.6  4.7  6.1  2.9  8.8  1.3
 59.8  2.6  1.2  2.3  3.6  1.1  1.6]
ds:  126.59999999999917
j: 12
real: 1.757894736842105, state: -8.4421052631579
[10.2  2.1  3.7  1.5  0.5  2.   1.7  3.3  5.6  4.7  6.1  2.9  8.9  1.3
 59.8  2.6  1.2  2.3  3.6  1.1  1.6]
ds:  126.69999999999916
j: 12
real: 1.757894736842105, state: -8.4421052631579
[10.2  2.1  3.7  1.5  0.5  2.   1.7  3.3  5.6  4.7  6.1  2.9  9.   1.3
 59.8  2.6  1.2  2.3  3.6  1.1  1.6]
ds:  126.79999999999919
j: 12
real: 1.757894736842105, state: -8.4421052631579
[10.2  2.1  3.7  1.5  0.5  2.   1.7  3.3  5.6  4.7  6.1  2.9  9.1  1.3
 59.8  2.6  1.2  2.3  3.6  1.1  1.6]
ds:  126.89999999999918
j: 12
real: 1.757894736842105, state: -8.4421052631579
[10.2  2.1  3.7  1.5  0.5  2.   1.7  3.3  5.6  4.7  6.1  2.9  9.2  1.3
 59.8  2.6  1.2  2.3  3.6  1.1  1.6]
ds:  126.99999999999918
j: 12
real: 1.757894736842105, state: -8.4421052631579
[10.2  2.1  3.7  1.5  0.5  2.   1.7  3.3  5.6  4.7  6.1  2.9  9.3  1.3
 59.8  2.6  1.2  2.3  3.6  1.1  1.6]
ds:  127.09999999999917
j: 12
real: 1.757894736842105, state: -8.4421052631579
[10.2  2.1  3.7  1.5  0.5  2.   1.7  3.3  5.6  4.7  6.1  2.9  9.4  1.3
 59.8  2.6  1.2  2.3  3.6  1.1  1.6]
ds:  127.19999999999916
j: 12
real: 1.757894736842105, state: -8.4421052631579
[10.2  2.1  3.7  1.5  0.5  2.   1.7  3.3  5.6  4.7  6.1  2.9  9.5  1.3
 59.8  2.6  1.2  2.3  3.6  1.1  1.6]
ds:  127.29999999999919
j: 12
real: 1.757894736842105, state: -8.4421052631579
[10.2  2.1  3.7  1.5  0.5  2.   1.7  3.3  5.6  4.7  6.1  2.9  9.6  1.3
 59.8  2.6  1.2  2.3  3.6  1.1  1.6]
ds:  127.39999999999918
j: 12
real: 1.757894736842105, state: -8.4421052631579
[10.2  2.1  3.7  1.5  0.5  2.   1.7  3.3  5.6  4.7  6.1  2.9  9.7  1.3
 59.8  2.6  1.2  2.3  3.6  1.1  1.6]
ds:  127.49999999999918
j: 12
real: 1.757894736842105, state: -8.4421052631579
[10.2  2.1  3.7  1.5  0.5  2.   1.7  3.3  5.6  4.7  6.1  2.9  9.8  1.3
 59.8  2.6  1.2  2.3  3.6  1.1  1.6]
ds:  127.59999999999917
j: 19
real: 1.757894736842105, state: -8.4421052631579
[10.2  2.1  3.7  1.5  0.5  2.   1.7  3.3  5.6  4.7  6.1  2.9  9.8  1.3
 59.8  2.6  1.2  2.3  3.6  1.   1.6]
ds:  127.49999999999918
j: 12
real: 1.757894736842105, state: -8.4421052631579
[10.2  2.1  3.7  1.5  0.5  2.   1.7  3.3  5.6  4.7  6.1  2.9  9.9  1.3
 59.8  2.6  1.2  2.3  3.6  1.   1.6]
ds:  127.59999999999917
j: 12
real: 1.757894736842105, state: -8.4421052631579
[10.2  2.1  3.7  1.5  0.5  2.   1.7  3.3  5.6  4.7  6.1  2.9 10.   1.3
 59.8  2.6  1.2  2.3  3.6  1.   1.6]
ds:  127.69999999999919
j: 11
real: 1.757894736842105, state: -8.4421052631579
[10.2  2.1  3.7  1.5  0.5  2.   1.7  3.3  5.6  4.7  6.1  2.8 10.   1.3
 59.8  2.6  1.2  2.3  3.6  1.   1.6]
ds:  127.5999999999992
j: 12
real: 1.757894736842105, state: -8.4421052631579
[10.2  2.1  3.7  1.5  0.5  2.   1.7  3.3  5.6  4.7  6.1  2.8 10.1  1.3
 59.8  2.6  1.2  2.3  3.6  1.   1.6]
ds:  127.69999999999919
j: 12
real: 1.757894736842105, state: -8.4421052631579
[10.2  2.1  3.7  1.5  0.5  2.   1.7  3.3  5.6  4.7  6.1  2.8 10.2  1.3
 59.8  2.6  1.2  2.3  3.6  1.   1.6]
ds:  127.79999999999919
j: 12
real: 1.757894736842105, state: -8.4421052631579
[10.2  2.1  3.7  1.5  0.5  2.   1.7  3.3  5.6  4.7  6.1  2.8 10.3  1.3
 59.8  2.6  1.2  2.3  3.6  1.   1.6]
ds:  127.89999999999918
j: 12
real: 1.757894736842105, state: -8.4421052631579
[10.2  2.1  3.7  1.5  0.5  2.   1.7  3.3  5.6  4.7  6.1  2.8 10.4  1.3
 59.8  2.6  1.2  2.3  3.6  1.   1.6]
ds:  127.99999999999918
j: 12
real: 1.757894736842105, state: -8.4421052631579
[10.2  2.1  3.7  1.5  0.5  2.   1.7  3.3  5.6  4.7  6.1  2.8 10.5  1.3
 59.8  2.6  1.2  2.3  3.6  1.   1.6]
ds:  128.0999999999992
j: 12
real: 1.757894736842105, state: -8.4421052631579
[10.2  2.1  3.7  1.5  0.5  2.   1.7  3.3  5.6  4.7  6.1  2.8 10.6  1.3
 59.8  2.6  1.2  2.3  3.6  1.   1.6]
ds:  128.1999999999992
j: 12
real: 1.757894736842105, state: -8.4421052631579
[10.2  2.1  3.7  1.5  0.5  2.   1.7  3.3  5.6  4.7  6.1  2.8 10.7  1.3
 59.8  2.6  1.2  2.3  3.6  1.   1.6]
ds:  128.2999999999992
j: 12
real: 1.757894736842105, state: -8.4421052631579
[10.2  2.1  3.7  1.5  0.5  2.   1.7  3.3  5.6  4.7  6.1  2.8 10.8  1.3
 59.8  2.6  1.2  2.3  3.6  1.   1.6]
ds:  128.39999999999918
j: 12
real: 1.757894736842105, state: -8.4421052631579
[10.2  2.1  3.7  1.5  0.5  2.   1.7  3.3  5.6  4.7  6.1  2.8 10.9  1.3
 59.8  2.6  1.2  2.3  3.6  1.   1.6]
ds:  128.49999999999918
j: 10
real: 1.757894736842105, state: -8.4421052631579
[10.2  2.1  3.7  1.5  0.5  2.   1.7  3.3  5.6  4.7  6.   2.8 10.9  1.3
 59.8  2.6  1.2  2.3  3.6  1.   1.6]
ds:  128.39999999999918
j: 12
real: 1.757894736842105, state: -8.4421052631579
[10.2  2.1  3.7  1.5  0.5  2.   1.7  3.3  5.6  4.7  6.   2.8 11.   1.3
 59.8  2.6  1.2  2.3  3.6  1.   1.6]
ds:  128.49999999999918
j: 12
real: 1.757894736842105, state: -8.4421052631579
[10.2  2.1  3.7  1.5  0.5  2.   1.7  3.3  5.6  4.7  6.   2.8 11.1  1.3
 59.8  2.6  1.2  2.3  3.6  1.   1.6]
ds:  128.5999999999992
j: 12
real: 1.757894736842105, state: -8.4421052631579
[10.2  2.1  3.7  1.5  0.5  2.   1.7  3.3  5.6  4.7  6.   2.8 11.2  1.3
 59.8  2.6  1.2  2.3  3.6  1.   1.6]
ds:  128.6999999999992
j: 12
real: 1.757894736842105, state: -8.4421052631579
[10.2  2.1  3.7  1.5  0.5  2.   1.7  3.3  5.6  4.7  6.   2.8 11.3  1.3
 59.8  2.6  1.2  2.3  3.6  1.   1.6]
ds:  128.7999999999992
j: 12
real: 1.757894736842105, state: -8.4421052631579
[10.2  2.1  3.7  1.5  0.5  2.   1.7  3.3  5.6  4.7  6.   2.8 11.4  1.3
 59.8  2.6  1.2  2.3  3.6  1.   1.6]
ds:  128.89999999999918
j: 12
real: 1.757894736842105, state: -8.4421052631579
[10.2  2.1  3.7  1.5  0.5  2.   1.7  3.3  5.6  4.7  6.   2.8 11.5  1.3
 59.8  2.6  1.2  2.3  3.6  1.   1.6]
ds:  128.99999999999918
j: 12
real: 1.757894736842105, state: -8.4421052631579
[10.2  2.1  3.7  1.5  0.5  2.   1.7  3.3  5.6  4.7  6.   2.8 11.6  1.3
 59.8  2.6  1.2  2.3  3.6  1.   1.6]
ds:  129.0999999999992
j: 12
real: 1.757894736842105, state: -8.4421052631579
[10.2  2.1  3.7  1.5  0.5  2.   1.7  3.3  5.6  4.7  6.   2.8 11.7  1.3
 59.8  2.6  1.2  2.3  3.6  1.   1.6]
ds:  129.1999999999992
j: 12
real: 1.757894736842105, state: -8.4421052631579
[10.2  2.1  3.7  1.5  0.5  2.   1.7  3.3  5.6  4.7  6.   2.8 11.8  1.3
 59.8  2.6  1.2  2.3  3.6  1.   1.6]
ds:  129.2999999999992
j: 12
real: 1.757894736842105, state: -8.4421052631579
[10.2  2.1  3.7  1.5  0.5  2.   1.7  3.3  5.6  4.7  6.   2.8 11.9  1.3
 59.8  2.6  1.2  2.3  3.6  1.   1.6]
ds:  129.39999999999918
j: 12
real: 1.757894736842105, state: -8.4421052631579
[10.2  2.1  3.7  1.5  0.5  2.   1.7  3.3  5.6  4.7  6.   2.8 12.   1.3
 59.8  2.6  1.2  2.3  3.6  1.   1.6]
ds:  129.49999999999918
j: 12
real: 1.757894736842105, state: -8.4421052631579
[10.2  2.1  3.7  1.5  0.5  2.   1.7  3.3  5.6  4.7  6.   2.8 12.1  1.3
 59.8  2.6  1.2  2.3  3.6  1.   1.6]
ds:  129.5999999999992
j: 12
real: 1.757894736842105, state: -8.4421052631579
[10.2  2.1  3.7  1.5  0.5  2.   1.7  3.3  5.6  4.7  6.   2.8 12.2  1.3
 59.8  2.6  1.2  2.3  3.6  1.   1.6]
ds:  129.6999999999992
j: 12
real: 1.757894736842105, state: -8.4421052631579
[10.2  2.1  3.7  1.5  0.5  2.   1.7  3.3  5.6  4.7  6.   2.8 12.3  1.3
 59.8  2.6  1.2  2.3  3.6  1.   1.6]
ds:  129.7999999999992
j: 12
real: 1.757894736842105, state: -8.4421052631579
[10.2  2.1  3.7  1.5  0.5  2.   1.7  3.3  5.6  4.7  6.   2.8 12.4  1.3
 59.8  2.6  1.2  2.3  3.6  1.   1.6]
ds:  129.89999999999918
j: 12
real: 1.757894736842105, state: -8.4421052631579
[10.2  2.1  3.7  1.5  0.5  2.   1.7  3.3  5.6  4.7  6.   2.8 12.5  1.3
 59.8  2.6  1.2  2.3  3.6  1.   1.6]
ds:  129.99999999999918
j: 12
real: 1.757894736842105, state: -8.4421052631579
[10.2  2.1  3.7  1.5  0.5  2.   1.7  3.3  5.6  4.7  6.   2.8 12.6  1.3
 59.8  2.6  1.2  2.3  3.6  1.   1.6]
ds:  130.0999999999992
j: 12
real: 1.757894736842105, state: -8.4421052631579
[10.2  2.1  3.7  1.5  0.5  2.   1.7  3.3  5.6  4.7  6.   2.8 12.7  1.3
 59.8  2.6  1.2  2.3  3.6  1.   1.6]
ds:  130.1999999999992
j: 12
real: 1.757894736842105, state: -8.4421052631579
[10.2  2.1  3.7  1.5  0.5  2.   1.7  3.3  5.6  4.7  6.   2.8 12.8  1.3
 59.8  2.6  1.2  2.3  3.6  1.   1.6]
ds:  130.2999999999992
j: 12
real: 1.757894736842105, state: -8.4421052631579
[10.2  2.1  3.7  1.5  0.5  2.   1.7  3.3  5.6  4.7  6.   2.8 12.9  1.3
 59.8  2.6  1.2  2.3  3.6  1.   1.6]
ds:  130.39999999999918
j: 12
real: 1.757894736842105, state: -8.4421052631579
[10.2  2.1  3.7  1.5  0.5  2.   1.7  3.3  5.6  4.7  6.   2.8 13.   1.3
 59.8  2.6  1.2  2.3  3.6  1.   1.6]
ds:  130.49999999999918
j: 12
real: 1.757894736842105, state: -8.4421052631579
[10.2  2.1  3.7  1.5  0.5  2.   1.7  3.3  5.6  4.7  6.   2.8 13.1  1.3
 59.8  2.6  1.2  2.3  3.6  1.   1.6]
ds:  130.5999999999992
j: 12
real: 1.757894736842105, state: -8.4421052631579
[10.2  2.1  3.7  1.5  0.5  2.   1.7  3.3  5.6  4.7  6.   2.8 13.2  1.3
 59.8  2.6  1.2  2.3  3.6  1.   1.6]
ds:  130.69999999999916
j: 12
real: 1.757894736842105, state: -8.4421052631579
[10.2  2.1  3.7  1.5  0.5  2.   1.7  3.3  5.6  4.7  6.   2.8 13.3  1.3
 59.8  2.6  1.2  2.3  3.6  1.   1.6]
ds:  130.7999999999992
j: 12
real: 1.757894736842105, state: -8.4421052631579
[10.2  2.1  3.7  1.5  0.5  2.   1.7  3.3  5.6  4.7  6.   2.8 13.4  1.3
 59.8  2.6  1.2  2.3  3.6  1.   1.6]
ds:  130.89999999999918
j: 1
real: 1.757894736842105, state: -8.4421052631579
[10.2  2.2  3.7  1.5  0.5  2.   1.7  3.3  5.6  4.7  6.   2.8 13.4  1.3
 59.8  2.6  1.2  2.3  3.6  1.   1.6]
ds:  130.99999999999918
j: 12
real: 1.757894736842105, state: -8.4421052631579
[10.2  2.2  3.7  1.5  0.5  2.   1.7  3.3  5.6  4.7  6.   2.8 13.5  1.3
 59.8  2.6  1.2  2.3  3.6  1.   1.6]
ds:  131.09999999999917
j: 12
real: 1.757894736842105, state: -8.4421052631579
[10.2  2.2  3.7  1.5  0.5  2.   1.7  3.3  5.6  4.7  6.   2.8 13.6  1.3
 59.8  2.6  1.2  2.3  3.6  1.   1.6]
ds:  131.19999999999916
j: 12
real: 1.757894736842105, state: -8.4421052631579
[10.2  2.2  3.7  1.5  0.5  2.   1.7  3.3  5.6  4.7  6.   2.8 13.7  1.3
 59.8  2.6  1.2  2.3  3.6  1.   1.6]
ds:  131.2999999999992
j: 12
real: 1.757894736842105, state: -8.4421052631579
[10.2  2.2  3.7  1.5  0.5  2.   1.7  3.3  5.6  4.7  6.   2.8 13.8  1.3
 59.8  2.6  1.2  2.3  3.6  1.   1.6]
ds:  131.39999999999918
j: 12
real: 1.757894736842105, state: -8.4421052631579
[10.2  2.2  3.7  1.5  0.5  2.   1.7  3.3  5.6  4.7  6.   2.8 13.9  1.3
 59.8  2.6  1.2  2.3  3.6  1.   1.6]
ds:  131.49999999999918
j: 2
real: 1.757894736842105, state: -8.4421052631579
[10.2  2.2  3.8  1.5  0.5  2.   1.7  3.3  5.6  4.7  6.   2.8 13.9  1.3
 59.8  2.6  1.2  2.3  3.6  1.   1.6]
ds:  131.59999999999917
j: 12
real: 1.757894736842105, state: -8.4421052631579
[10.2  2.2  3.8  1.5  0.5  2.   1.7  3.3  5.6  4.7  6.   2.8 14.   1.3
 59.8  2.6  1.2  2.3  3.6  1.   1.6]
ds:  131.69999999999916
j: 12
real: 1.757894736842105, state: -8.4421052631579
[10.2  2.2  3.8  1.5  0.5  2.   1.7  3.3  5.6  4.7  6.   2.8 14.1  1.3
 59.8  2.6  1.2  2.3  3.6  1.   1.6]
ds:  131.79999999999916
j: 18
real: 1.757894736842105, state: -8.4421052631579
[10.2  2.2  3.8  1.5  0.5  2.   1.7  3.3  5.6  4.7  6.   2.8 14.1  1.3
 59.8  2.6  1.2  2.3  3.7  1.   1.6]
ds:  131.89999999999915
j: 12
real: 1.757894736842105, state: -8.4421052631579
[10.2  2.2  3.8  1.5  0.5  2.   1.7  3.3  5.6  4.7  6.   2.8 14.2  1.3
 59.8  2.6  1.2  2.3  3.7  1.   1.6]
ds:  131.99999999999918
j: 12
real: 1.757894736842105, state: -8.4421052631579
[10.2  2.2  3.8  1.5  0.5  2.   1.7  3.3  5.6  4.7  6.   2.8 14.3  1.3
 59.8  2.6  1.2  2.3  3.7  1.   1.6]
ds:  132.09999999999917
j: 12
real: 1.757894736842105, state: -8.4421052631579
[10.2  2.2  3.8  1.5  0.5  2.   1.7  3.3  5.6  4.7  6.   2.8 14.4  1.3
 59.8  2.6  1.2  2.3  3.7  1.   1.6]
ds:  132.19999999999916
j: 12
real: 1.757894736842105, state: -8.4421052631579
[10.2  2.2  3.8  1.5  0.5  2.   1.7  3.3  5.6  4.7  6.   2.8 14.5  1.3
 59.8  2.6  1.2  2.3  3.7  1.   1.6]
ds:  132.2999999999992
j: 12
real: 1.757894736842105, state: -8.4421052631579
[10.2  2.2  3.8  1.5  0.5  2.   1.7  3.3  5.6  4.7  6.   2.8 14.6  1.3
 59.8  2.6  1.2  2.3  3.7  1.   1.6]
ds:  132.39999999999915
j: 12
real: 1.757894736842105, state: -8.4421052631579
[10.2  2.2  3.8  1.5  0.5  2.   1.7  3.3  5.6  4.7  6.   2.8 14.7  1.3
 59.8  2.6  1.2  2.3  3.7  1.   1.6]
ds:  132.49999999999918
j: 12
real: 1.757894736842105, state: -8.4421052631579
[10.2  2.2  3.8  1.5  0.5  2.   1.7  3.3  5.6  4.7  6.   2.8 14.8  1.3
 59.8  2.6  1.2  2.3  3.7  1.   1.6]
ds:  132.59999999999917
j: 12
real: 1.757894736842105, state: -8.4421052631579
[10.2  2.2  3.8  1.5  0.5  2.   1.7  3.3  5.6  4.7  6.   2.8 14.9  1.3
 59.8  2.6  1.2  2.3  3.7  1.   1.6]
ds:  132.69999999999916
j: 12
real: 1.757894736842105, state: -8.4421052631579
[10.2  2.2  3.8  1.5  0.5  2.   1.7  3.3  5.6  4.7  6.   2.8 15.   1.3
 59.8  2.6  1.2  2.3  3.7  1.   1.6]
ds:  132.7999999999992
j: 12
real: 1.757894736842105, state: -8.4421052631579
[10.2  2.2  3.8  1.5  0.5  2.   1.7  3.3  5.6  4.7  6.   2.8 15.1  1.3
 59.8  2.6  1.2  2.3  3.7  1.   1.6]
ds:  132.89999999999915
j: 12
real: 1.757894736842105, state: -8.4421052631579
[10.2  2.2  3.8  1.5  0.5  2.   1.7  3.3  5.6  4.7  6.   2.8 15.2  1.3
 59.8  2.6  1.2  2.3  3.7  1.   1.6]
ds:  132.99999999999918
j: 7
real: 1.757894736842105, state: -8.4421052631579
[10.2  2.2  3.8  1.5  0.5  2.   1.7  3.2  5.6  4.7  6.   2.8 15.2  1.3
 59.8  2.6  1.2  2.3  3.7  1.   1.6]
ds:  132.89999999999915
j: 11
real: 1.757894736842105, state: -8.4421052631579
[10.2  2.2  3.8  1.5  0.5  2.   1.7  3.2  5.6  4.7  6.   2.7 15.2  1.3
 59.8  2.6  1.2  2.3  3.7  1.   1.6]
ds:  132.7999999999992
j: 3
real: 1.757894736842105, state: -8.4421052631579
[10.2  2.2  3.8  1.4  0.5  2.   1.7  3.2  5.6  4.7  6.   2.7 15.2  1.3
 59.8  2.6  1.2  2.3  3.7  1.   1.6]
ds:  132.69999999999916
j: 12
real: 1.757894736842105, state: -8.4421052631579
[10.2  2.2  3.8  1.4  0.5  2.   1.7  3.2  5.6  4.7  6.   2.7 15.3  1.3
 59.8  2.6  1.2  2.3  3.7  1.   1.6]
ds:  132.7999999999992
j: 12
real: 1.757894736842105, state: -8.4421052631579
[10.2  2.2  3.8  1.4  0.5  2.   1.7  3.2  5.6  4.7  6.   2.7 15.4  1.3
 59.8  2.6  1.2  2.3  3.7  1.   1.6]
ds:  132.89999999999918
j: 12
real: 1.757894736842105, state: -8.4421052631579
[10.2  2.2  3.8  1.4  0.5  2.   1.7  3.2  5.6  4.7  6.   2.7 15.5  1.3
 59.8  2.6  1.2  2.3  3.7  1.   1.6]
ds:  132.99999999999918
j: 19
real: 1.757894736842105, state: -8.4421052631579
[10.2  2.2  3.8  1.4  0.5  2.   1.7  3.2  5.6  4.7  6.   2.7 15.5  1.3
 59.8  2.6  1.2  2.3  3.7  1.1  1.6]
ds:  133.09999999999917
j: 12
real: 1.757894736842105, state: -8.4421052631579
[10.2  2.2  3.8  1.4  0.5  2.   1.7  3.2  5.6  4.7  6.   2.7 15.6  1.3
 59.8  2.6  1.2  2.3  3.7  1.1  1.6]
ds:  133.19999999999916
j: 12
real: 1.757894736842105, state: -8.4421052631579
[10.2  2.2  3.8  1.4  0.5  2.   1.7  3.2  5.6  4.7  6.   2.7 15.7  1.3
 59.8  2.6  1.2  2.3  3.7  1.1  1.6]
ds:  133.29999999999916
j: 12
real: 1.757894736842105, state: -8.4421052631579
[10.2  2.2  3.8  1.4  0.5  2.   1.7  3.2  5.6  4.7  6.   2.7 15.8  1.3
 59.8  2.6  1.2  2.3  3.7  1.1  1.6]
ds:  133.39999999999918
j: 12
real: 1.757894736842105, state: -8.4421052631579
[10.2  2.2  3.8  1.4  0.5  2.   1.7  3.2  5.6  4.7  6.   2.7 15.9  1.3
 59.8  2.6  1.2  2.3  3.7  1.1  1.6]
ds:  133.49999999999918
j: 12
real: 1.757894736842105, state: -8.4421052631579
[10.2  2.2  3.8  1.4  0.5  2.   1.7  3.2  5.6  4.7  6.   2.7 16.   1.3
 59.8  2.6  1.2  2.3  3.7  1.1  1.6]
ds:  133.59999999999917
j: 12
real: 1.757894736842105, state: -8.4421052631579
[10.2  2.2  3.8  1.4  0.5  2.   1.7  3.2  5.6  4.7  6.   2.7 16.1  1.3
 59.8  2.6  1.2  2.3  3.7  1.1  1.6]
ds:  133.6999999999992
j: 12
real: 1.757894736842105, state: -8.4421052631579
[10.2  2.2  3.8  1.4  0.5  2.   1.7  3.2  5.6  4.7  6.   2.7 16.2  1.3
 59.8  2.6  1.2  2.3  3.7  1.1  1.6]
ds:  133.79999999999916
j: 12
real: 1.757894736842105, state: -8.4421052631579
[10.2  2.2  3.8  1.4  0.5  2.   1.7  3.2  5.6  4.7  6.   2.7 16.3  1.3
 59.8  2.6  1.2  2.3  3.7  1.1  1.6]
ds:  133.89999999999918
j: 12
real: 1.757894736842105, state: -8.4421052631579
[10.2  2.2  3.8  1.4  0.5  2.   1.7  3.2  5.6  4.7  6.   2.7 16.4  1.3
 59.8  2.6  1.2  2.3  3.7  1.1  1.6]
ds:  133.99999999999918
j: 12
real: 1.757894736842105, state: -8.4421052631579
[10.2  2.2  3.8  1.4  0.5  2.   1.7  3.2  5.6  4.7  6.   2.7 16.5  1.3
 59.8  2.6  1.2  2.3  3.7  1.1  1.6]
ds:  134.09999999999917
j: 9
real: 1.757894736842105, state: -8.4421052631579
[10.2  2.2  3.8  1.4  0.5  2.   1.7  3.2  5.6  4.8  6.   2.7 16.5  1.3
 59.8  2.6  1.2  2.3  3.7  1.1  1.6]
ds:  134.1999999999992
j: 4
real: 1.757894736842105, state: -8.4421052631579
[10.2  2.2  3.8  1.4  0.6  2.   1.7  3.2  5.6  4.8  6.   2.7 16.5  1.3
 59.8  2.6  1.2  2.3  3.7  1.1  1.6]
ds:  134.29999999999916
j: 12
real: 1.757894736842105, state: -8.4421052631579
[10.2  2.2  3.8  1.4  0.6  2.   1.7  3.2  5.6  4.8  6.   2.7 16.6  1.3
 59.8  2.6  1.2  2.3  3.7  1.1  1.6]
ds:  134.39999999999918
j: 5
real: 1.757894736842105, state: -8.4421052631579
[10.2  2.2  3.8  1.4  0.6  1.9  1.7  3.2  5.6  4.8  6.   2.7 16.6  1.3
 59.8  2.6  1.2  2.3  3.7  1.1  1.6]
ds:  134.29999999999916
j: 12
real: 1.757894736842105, state: -8.4421052631579
[10.2  2.2  3.8  1.4  0.6  1.9  1.7  3.2  5.6  4.8  6.   2.7 16.7  1.3
 59.8  2.6  1.2  2.3  3.7  1.1  1.6]
ds:  134.39999999999918
j: 12
real: 1.757894736842105, state: -8.4421052631579
[10.2  2.2  3.8  1.4  0.6  1.9  1.7  3.2  5.6  4.8  6.   2.7 16.8  1.3
 59.8  2.6  1.2  2.3  3.7  1.1  1.6]
ds:  134.49999999999915
j: 12
real: 1.757894736842105, state: -8.4421052631579
[10.2  2.2  3.8  1.4  0.6  1.9  1.7  3.2  5.6  4.8  6.   2.7 16.9  1.3
 59.8  2.6  1.2  2.3  3.7  1.1  1.6]
ds:  134.59999999999917
j: 16
real: 1.757894736842105, state: -8.4421052631579
[10.2  2.2  3.8  1.4  0.6  1.9  1.7  3.2  5.6  4.8  6.   2.7 16.9  1.3
 59.8  2.6  1.3  2.3  3.7  1.1  1.6]
ds:  134.6999999999992
j: 12
real: 1.757894736842105, state: -8.4421052631579
[10.2  2.2  3.8  1.4  0.6  1.9  1.7  3.2  5.6  4.8  6.   2.7 17.   1.3
 59.8  2.6  1.3  2.3  3.7  1.1  1.6]
ds:  134.79999999999916
j: 12
real: 1.757894736842105, state: -8.4421052631579
[10.2  2.2  3.8  1.4  0.6  1.9  1.7  3.2  5.6  4.8  6.   2.7 17.1  1.3
 59.8  2.6  1.3  2.3  3.7  1.1  1.6]
ds:  134.89999999999918
j: 12
real: 1.757894736842105, state: -8.4421052631579
[10.2  2.2  3.8  1.4  0.6  1.9  1.7  3.2  5.6  4.8  6.   2.7 17.2  1.3
 59.8  2.6  1.3  2.3  3.7  1.1  1.6]
ds:  134.99999999999915
episode: 4, y_pred: 44, score: 425.0000000000009
j: 12
real: 1.757894736842105, state: -8.4421052631579
[10.2  2.2  3.8  1.4  0.6  1.9  1.7  3.2  5.6  4.8  6.   2.7 17.3  1.3
 59.8  2.6  1.3  2.3  3.7  1.1  1.6]
ds:  135.09999999999917
j: 20
real: 1.757894736842105, state: -8.4421052631579
[10.2  2.2  3.8  1.4  0.6  1.9  1.7  3.2  5.6  4.8  6.   2.7 17.3  1.3
 59.8  2.6  1.3  2.3  3.7  1.1  1.7]
ds:  135.19999999999916
j: 12
real: 1.757894736842105, state: -8.4421052631579
[10.2  2.2  3.8  1.4  0.6  1.9  1.7  3.2  5.6  4.8  6.   2.7 17.4  1.3
 59.8  2.6  1.3  2.3  3.7  1.1  1.7]
ds:  135.2999999999992
j: 12
real: 1.757894736842105, state: -8.4421052631579
[10.2  2.2  3.8  1.4  0.6  1.9  1.7  3.2  5.6  4.8  6.   2.7 17.5  1.3
 59.8  2.6  1.3  2.3  3.7  1.1  1.7]
ds:  135.39999999999915
j: 11
real: 1.757894736842105, state: -8.4421052631579
[10.2  2.2  3.8  1.4  0.6  1.9  1.7  3.2  5.6  4.8  6.   2.6 17.5  1.3
 59.8  2.6  1.3  2.3  3.7  1.1  1.7]
ds:  135.2999999999992
j: 12
real: 1.757894736842105, state: -8.4421052631579
[10.2  2.2  3.8  1.4  0.6  1.9  1.7  3.2  5.6  4.8  6.   2.6 17.6  1.3
 59.8  2.6  1.3  2.3  3.7  1.1  1.7]
ds:  135.39999999999915
j: 12
real: 1.757894736842105, state: -8.4421052631579
[10.2  2.2  3.8  1.4  0.6  1.9  1.7  3.2  5.6  4.8  6.   2.6 17.7  1.3
 59.8  2.6  1.3  2.3  3.7  1.1  1.7]
ds:  135.49999999999918
j: 12
real: 1.757894736842105, state: -8.4421052631579
[10.2  2.2  3.8  1.4  0.6  1.9  1.7  3.2  5.6  4.8  6.   2.6 17.8  1.3
 59.8  2.6  1.3  2.3  3.7  1.1  1.7]
ds:  135.59999999999914
j: 12
real: 1.757894736842105, state: -8.4421052631579
[10.2  2.2  3.8  1.4  0.6  1.9  1.7  3.2  5.6  4.8  6.   2.6 17.9  1.3
 59.8  2.6  1.3  2.3  3.7  1.1  1.7]
ds:  135.69999999999916
j: 12
real: 1.757894736842105, state: -8.4421052631579
[10.2  2.2  3.8  1.4  0.6  1.9  1.7  3.2  5.6  4.8  6.   2.6 18.   1.3
 59.8  2.6  1.3  2.3  3.7  1.1  1.7]
ds:  135.7999999999992
j: 12
real: 1.757894736842105, state: -8.4421052631579
[10.2  2.2  3.8  1.4  0.6  1.9  1.7  3.2  5.6  4.8  6.   2.6 18.1  1.3
 59.8  2.6  1.3  2.3  3.7  1.1  1.7]
ds:  135.89999999999915
j: 12
real: 1.757894736842105, state: -8.4421052631579
[10.2  2.2  3.8  1.4  0.6  1.9  1.7  3.2  5.6  4.8  6.   2.6 18.2  1.3
 59.8  2.6  1.3  2.3  3.7  1.1  1.7]
ds:  135.99999999999918
j: 12
real: 1.757894736842105, state: -8.4421052631579
[10.2  2.2  3.8  1.4  0.6  1.9  1.7  3.2  5.6  4.8  6.   2.6 18.3  1.3
 59.8  2.6  1.3  2.3  3.7  1.1  1.7]
ds:  136.09999999999914
j: 12
real: 1.757894736842105, state: -8.4421052631579
[10.2  2.2  3.8  1.4  0.6  1.9  1.7  3.2  5.6  4.8  6.   2.6 18.4  1.3
 59.8  2.6  1.3  2.3  3.7  1.1  1.7]
ds:  136.19999999999916
j: 12
real: 1.757894736842105, state: -8.4421052631579
[10.2  2.2  3.8  1.4  0.6  1.9  1.7  3.2  5.6  4.8  6.   2.6 18.5  1.3
 59.8  2.6  1.3  2.3  3.7  1.1  1.7]
ds:  136.2999999999992
j: 12
real: 1.757894736842105, state: -8.4421052631579
[10.2  2.2  3.8  1.4  0.6  1.9  1.7  3.2  5.6  4.8  6.   2.6 18.6  1.3
 59.8  2.6  1.3  2.3  3.7  1.1  1.7]
ds:  136.39999999999915
j: 16
real: 1.757894736842105, state: -8.4421052631579
[10.2  2.2  3.8  1.4  0.6  1.9  1.7  3.2  5.6  4.8  6.   2.6 18.6  1.3
 59.8  2.6  1.2  2.3  3.7  1.1  1.7]
ds:  136.2999999999992
j: 12
real: 1.757894736842105, state: -8.4421052631579
[10.2  2.2  3.8  1.4  0.6  1.9  1.7  3.2  5.6  4.8  6.   2.6 18.7  1.3
 59.8  2.6  1.2  2.3  3.7  1.1  1.7]
ds:  136.39999999999915
j: 12
real: 1.757894736842105, state: -8.4421052631579
[10.2  2.2  3.8  1.4  0.6  1.9  1.7  3.2  5.6  4.8  6.   2.6 18.8  1.3
 59.8  2.6  1.2  2.3  3.7  1.1  1.7]
ds:  136.49999999999918
j: 10
real: 1.757894736842105, state: -8.4421052631579
[10.2  2.2  3.8  1.4  0.6  1.9  1.7  3.2  5.6  4.8  5.9  2.6 18.8  1.3
 59.8  2.6  1.2  2.3  3.7  1.1  1.7]
ds:  136.39999999999915
j: 12
real: 1.757894736842105, state: -8.4421052631579
[10.2  2.2  3.8  1.4  0.6  1.9  1.7  3.2  5.6  4.8  5.9  2.6 18.9  1.3
 59.8  2.6  1.2  2.3  3.7  1.1  1.7]
ds:  136.49999999999918
j: 12
real: 1.757894736842105, state: -8.4421052631579
[10.2  2.2  3.8  1.4  0.6  1.9  1.7  3.2  5.6  4.8  5.9  2.6 19.   1.3
 59.8  2.6  1.2  2.3  3.7  1.1  1.7]
ds:  136.5999999999992
j: 19
real: 1.757894736842105, state: -8.4421052631579
[10.2  2.2  3.8  1.4  0.6  1.9  1.7  3.2  5.6  4.8  5.9  2.6 19.   1.3
 59.8  2.6  1.2  2.3  3.7  1.2  1.7]
ds:  136.6999999999992
j: 12
real: 1.757894736842105, state: -8.4421052631579
[10.2  2.2  3.8  1.4  0.6  1.9  1.7  3.2  5.6  4.8  5.9  2.6 19.1  1.3
 59.8  2.6  1.2  2.3  3.7  1.2  1.7]
ds:  136.79999999999916
j: 12
real: 1.757894736842105, state: -8.4421052631579
[10.2  2.2  3.8  1.4  0.6  1.9  1.7  3.2  5.6  4.8  5.9  2.6 19.2  1.3
 59.8  2.6  1.2  2.3  3.7  1.2  1.7]
ds:  136.89999999999918
j: 12
real: 1.757894736842105, state: -8.4421052631579
[10.2  2.2  3.8  1.4  0.6  1.9  1.7  3.2  5.6  4.8  5.9  2.6 19.3  1.3
 59.8  2.6  1.2  2.3  3.7  1.2  1.7]
ds:  136.99999999999915
j: 12
real: 1.757894736842105, state: -8.4421052631579
[10.2  2.2  3.8  1.4  0.6  1.9  1.7  3.2  5.6  4.8  5.9  2.6 19.4  1.3
 59.8  2.6  1.2  2.3  3.7  1.2  1.7]
ds:  137.09999999999917
j: 12
real: 1.757894736842105, state: -8.4421052631579
[10.2  2.2  3.8  1.4  0.6  1.9  1.7  3.2  5.6  4.8  5.9  2.6 19.5  1.3
 59.8  2.6  1.2  2.3  3.7  1.2  1.7]
ds:  137.19999999999914
j: 12
real: 1.757894736842105, state: -8.4421052631579
[10.2  2.2  3.8  1.4  0.6  1.9  1.7  3.2  5.6  4.8  5.9  2.6 19.6  1.3
 59.8  2.6  1.2  2.3  3.7  1.2  1.7]
ds:  137.29999999999916
j: 12
real: 1.757894736842105, state: -8.4421052631579
[10.2  2.2  3.8  1.4  0.6  1.9  1.7  3.2  5.6  4.8  5.9  2.6 19.7  1.3
 59.8  2.6  1.2  2.3  3.7  1.2  1.7]
ds:  137.39999999999912
j: 12
real: 1.757894736842105, state: -8.4421052631579
[10.2  2.2  3.8  1.4  0.6  1.9  1.7  3.2  5.6  4.8  5.9  2.6 19.8  1.3
 59.8  2.6  1.2  2.3  3.7  1.2  1.7]
ds:  137.49999999999915
j: 12
real: 1.757894736842105, state: -8.4421052631579
[10.2  2.2  3.8  1.4  0.6  1.9  1.7  3.2  5.6  4.8  5.9  2.6 19.9  1.3
 59.8  2.6  1.2  2.3  3.7  1.2  1.7]
ds:  137.59999999999917
j: 12
real: 1.757894736842105, state: -8.4421052631579
[10.2  2.2  3.8  1.4  0.6  1.9  1.7  3.2  5.6  4.8  5.9  2.6 20.   1.3
 59.8  2.6  1.2  2.3  3.7  1.2  1.7]
ds:  137.69999999999914
j: 12
real: 1.757894736842105, state: -8.4421052631579
[10.2  2.2  3.8  1.4  0.6  1.9  1.7  3.2  5.6  4.8  5.9  2.6 20.1  1.3
 59.8  2.6  1.2  2.3  3.7  1.2  1.7]
ds:  137.79999999999916
j: 12
real: 1.757894736842105, state: -8.4421052631579
[10.2  2.2  3.8  1.4  0.6  1.9  1.7  3.2  5.6  4.8  5.9  2.6 20.2  1.3
 59.8  2.6  1.2  2.3  3.7  1.2  1.7]
ds:  137.89999999999912
j: 20
real: 1.757894736842105, state: -8.4421052631579
[10.2  2.2  3.8  1.4  0.6  1.9  1.7  3.2  5.6  4.8  5.9  2.6 20.2  1.3
 59.8  2.6  1.2  2.3  3.7  1.2  1.6]
ds:  137.79999999999913
j: 5
real: 1.757894736842105, state: -8.4421052631579
[10.2  2.2  3.8  1.4  0.6  2.   1.7  3.2  5.6  4.8  5.9  2.6 20.2  1.3
 59.8  2.6  1.2  2.3  3.7  1.2  1.6]
ds:  137.89999999999915
j: 12
real: 1.757894736842105, state: -8.4421052631579
[10.2  2.2  3.8  1.4  0.6  2.   1.7  3.2  5.6  4.8  5.9  2.6 20.3  1.3
 59.8  2.6  1.2  2.3  3.7  1.2  1.6]
ds:  137.99999999999912
j: 3
real: 1.757894736842105, state: -8.4421052631579
[10.2  2.2  3.8  1.3  0.6  2.   1.7  3.2  5.6  4.8  5.9  2.6 20.3  1.3
 59.8  2.6  1.2  2.3  3.7  1.2  1.6]
ds:  137.89999999999915
j: 12
real: 1.757894736842105, state: -8.4421052631579
[10.2  2.2  3.8  1.3  0.6  2.   1.7  3.2  5.6  4.8  5.9  2.6 20.4  1.3
 59.8  2.6  1.2  2.3  3.7  1.2  1.6]
ds:  137.99999999999912
j: 12
real: 1.757894736842105, state: -8.4421052631579
[10.2  2.2  3.8  1.3  0.6  2.   1.7  3.2  5.6  4.8  5.9  2.6 20.5  1.3
 59.8  2.6  1.2  2.3  3.7  1.2  1.6]
ds:  138.09999999999914
j: 12
real: 1.757894736842105, state: -8.4421052631579
[10.2  2.2  3.8  1.3  0.6  2.   1.7  3.2  5.6  4.8  5.9  2.6 20.6  1.3
 59.8  2.6  1.2  2.3  3.7  1.2  1.6]
ds:  138.1999999999991
j: 12
real: 1.757894736842105, state: -8.4421052631579
[10.2  2.2  3.8  1.3  0.6  2.   1.7  3.2  5.6  4.8  5.9  2.6 20.7  1.3
 59.8  2.6  1.2  2.3  3.7  1.2  1.6]
ds:  138.29999999999913
j: 17
real: 1.757894736842105, state: -8.4421052631579
[10.2  2.2  3.8  1.3  0.6  2.   1.7  3.2  5.6  4.8  5.9  2.6 20.7  1.3
 59.8  2.6  1.2  2.4  3.7  1.2  1.6]
ds:  138.39999999999915
j: 12

